Safe: [65, 68, 71, 72, 71]
Safe: [31, 34, 36, 37, 37]
Safe: [80, 83, 84, 86, 87, 90, 92, 96]
Safe: [30, 33, 36, 39, 45]
Safe: [21, 22, 25, 23, 24]
Safe: [25, 27, 28, 28, 30, 32]
Safe: [36, 38, 41, 42, 45, 49, 47]
Safe: [14, 11, 14, 17, 18, 19]
Safe: [43, 43, 44, 45, 47, 50, 53, 56]
Safe: [15, 19, 22, 23, 25, 27]
Safe: [48, 52, 51, 53, 55]
Safe: [66, 72, 74, 77, 79, 80]
Safe: [42, 39, 37, 35, 36]
Safe: [46, 45, 43, 40, 39, 36, 33, 33]
Safe: [31, 28, 27, 24, 22, 18]
Safe: [27, 24, 23, 22, 19, 14]
Safe: [41, 38, 35, 38, 34]
Safe: [70, 69, 69, 67, 65]
Safe: [27, 30, 29, 28, 25]
Safe: [83, 83, 80, 77, 74, 71, 68, 65]
Safe: [61, 57, 54, 51, 49, 46]
Safe: [44, 37, 36, 34, 33, 32, 30]
Safe: [35, 38, 40, 42, 43, 44, 41]
Safe: [83, 85, 87, 89, 89]
Safe: [37, 40, 42, 45, 46, 47, 48, 52]
Safe: [25, 27, 29, 30, 32, 34, 39]
Safe: [40, 42, 43, 46, 44, 48]
Safe: [8, 9, 11, 14, 14, 15, 18, 19]
Safe: [49, 47, 50, 52, 55, 56, 57]
Safe: [63, 61, 65, 66, 68, 70, 72, 73]
Safe: [49, 49, 52, 55, 56, 57]
Safe: [11, 15, 16, 19, 20]
Safe: [34, 40, 43, 46, 47, 48]
Safe: [65, 62, 60, 58, 61]
Safe: [17, 15, 13, 11, 10, 9, 8, 8]
Safe: [82, 80, 79, 76, 73, 71, 68, 64]
Safe: [63, 61, 59, 56, 54, 51, 50, 43]
Safe: [44, 42, 40, 42, 39, 37, 34]
Safe: [91, 88, 85, 82, 79, 80, 76]
Safe: [16, 14, 13, 13, 10, 7]
Safe: [58, 59, 57, 56, 55, 53, 52, 49]
Safe: [27, 29, 32, 31, 32]
Safe: [20, 23, 19, 18, 17]
Safe: [59, 59, 58, 56, 54, 53, 52]
Safe: [68, 64, 63, 60, 59, 57]
Safe: [36, 30, 29, 26, 25, 23]
Safe: [98, 96, 95, 93, 92, 86]
Safe: [47, 47, 50, 51, 52, 54]
Safe: [45, 46, 48, 49, 50, 52, 52]
Safe: [82, 85, 86, 87, 89, 86]
Safe: [25, 31, 28, 30, 33, 35, 37, 40]
Safe: [54, 57, 59, 60, 62, 66]
Safe: [25, 27, 30, 32, 32, 33]
Safe: [59, 62, 59, 57, 56]
Safe: [29, 26, 24, 23, 21, 20, 19, 19]
Safe: [39, 37, 39, 42, 44, 46, 48]
Safe: [24, 23, 22, 22, 21]
Safe: [17, 20, 23, 24, 30, 27]
Safe: [76, 70, 73, 72, 71, 69]
Safe: [11, 13, 8, 6, 5, 3, 2]
Safe: [34, 31, 29, 28, 24]
Safe: [67, 67, 66, 65, 62, 59]
Safe: [8, 9, 10, 12, 13, 17, 15]
Safe: [31, 35, 37, 38, 40, 41]
Safe: [46, 44, 43, 40, 35, 37]
Safe: [28, 24, 21, 18, 15, 13, 10, 7]
Safe: [70, 67, 66, 64, 62, 65]
Safe: [50, 53, 56, 59, 60, 65]
Safe: [89, 88, 85, 82, 81, 80]
Safe: [27, 25, 22, 21, 20]
Safe: [71, 72, 75, 78, 80, 82]
Safe: [58, 55, 54, 53, 52, 51, 50, 49]
Safe: [44, 41, 39, 37, 34, 33]
Safe: [78, 81, 84, 86, 88, 91, 94]
Safe: [25, 26, 28, 31, 32, 34]
Safe: [47, 46, 43, 40, 38]
Safe: [10, 13, 14, 17, 19, 22]
Safe: [80, 82, 83, 84, 86, 89]
Safe: [79, 80, 82, 84, 85, 86, 88]
Safe: [52, 55, 57, 60, 61]
Safe: [58, 61, 62, 64, 65, 68, 69, 70]
Safe: [82, 83, 86, 89, 91, 93]
Safe: [24, 23, 22, 21, 18, 17]
Safe: [23, 26, 27, 28, 31, 32]
Safe: [19, 18, 16, 14, 12, 9]
Safe: [70, 68, 65, 62, 60, 58, 57]
Safe: [50, 52, 55, 56, 58]
Safe: [18, 21, 23, 25, 27, 29, 30]
Safe: [44, 47, 50, 52, 53]
Safe: [96, 95, 92, 90, 87]
Safe: [43, 46, 49, 50, 52]
Safe: [12, 13, 16, 19, 21, 22, 24, 25]
Safe: [52, 55, 56, 57, 58, 59, 62, 63]
Safe: [25, 23, 21, 18, 16, 13]
Safe: [89, 86, 84, 81, 80]
Safe: [55, 53, 50, 47, 46]
Safe: [65, 64, 63, 60, 57, 54]
Safe: [14, 15, 17, 18, 19, 20, 22, 25]
Safe: [30, 29, 26, 23, 22, 21]
Safe: [29, 27, 24, 21, 19, 16, 15, 13]
Safe: [40, 39, 38, 37, 36, 33, 32, 31]
Safe: [24, 25, 28, 29, 32]
Safe: [87, 84, 82, 79, 78, 77]
Safe: [18, 21, 22, 25, 27, 30, 32, 35]
Safe: [81, 82, 83, 84, 87, 89, 92]
Safe: [7, 8, 11, 13, 14, 17, 19, 22]
Safe: [10, 7, 6, 5, 4, 1]
Safe: [66, 65, 64, 61, 58, 57]
Safe: [78, 76, 74, 73, 71, 68, 66]
Safe: [63, 65, 68, 69, 71, 73, 74, 77]
Safe: [63, 65, 67, 69, 70, 71, 72, 73]
Safe: [90, 88, 86, 85, 82, 81]
Safe: [49, 47, 46, 45, 42, 41, 38]
Safe: [76, 75, 73, 72, 70, 68, 67]
Safe: [79, 81, 82, 83, 84]
Safe: [76, 75, 73, 72, 69]
Safe: [64, 61, 59, 58, 56, 54, 53, 52]
Safe: [87, 85, 83, 80, 79, 76]
Safe: [30, 29, 26, 24, 22, 19, 16, 14]
Safe: [56, 58, 61, 64, 66]
Safe: [21, 19, 17, 14, 11]
Safe: [75, 78, 79, 81, 84, 86]
Safe: [76, 79, 80, 83, 85]
Safe: [66, 65, 64, 61, 58]
Safe: [56, 53, 50, 48, 47, 45, 43]
Safe: [34, 32, 30, 27, 25]
Safe: [10, 13, 16, 19, 20, 23, 26, 28]
Safe: [41, 44, 45, 48, 50, 51, 52, 53]
Safe: [28, 25, 24, 21, 19, 17, 14]
Safe: [36, 34, 32, 30, 28, 25, 24]
Safe: [38, 40, 42, 44, 47, 49, 50]
Safe: [1, 3, 4, 6, 8, 10]
Safe: [37, 35, 32, 30, 28, 27, 26]
Safe: [37, 35, 34, 31, 29, 28, 26, 24]
Safe: [94, 91, 90, 89, 88]
Safe: [70, 69, 68, 65, 62, 60]
Safe: [81, 83, 86, 88, 90, 92, 95, 98]
Safe: [90, 89, 86, 84, 82, 80]
Safe: [52, 51, 48, 47, 46, 43]
Safe: [47, 44, 41, 38, 37, 35, 32]
Safe: [38, 37, 34, 33, 30, 28]
Safe: [58, 56, 55, 54, 51]
Safe: [19, 17, 14, 13, 11, 8]
Safe: [33, 31, 29, 26, 24, 23, 22, 19]
Safe: [40, 42, 43, 45, 46, 47, 49, 50]
Safe: [77, 75, 73, 71, 70, 67, 64, 61]
Safe: [43, 42, 39, 36, 33]
Safe: [4, 6, 9, 10, 12, 14, 15, 18]
Safe: [14, 13, 12, 9, 8, 5]
Safe: [43, 41, 39, 38, 37, 35, 33]
Safe: [70, 72, 73, 76, 77]
Safe: [80, 82, 84, 85, 86, 89]
Safe: [65, 66, 67, 69, 72]
Safe: [17, 20, 22, 23, 26]
Safe: [85, 86, 87, 88, 89]
Safe: [50, 47, 44, 42, 41, 38]
Safe: [6, 7, 9, 12, 14, 16, 18]
Safe: [89, 91, 92, 95, 97]
Safe: [45, 47, 49, 51, 53]
Safe: [61, 60, 58, 56, 55, 52, 51, 48]
Safe: [64, 63, 60, 58, 55]
Safe: [62, 64, 65, 66, 69, 72, 73, 76]
Safe: [57, 59, 60, 63, 66, 69]
Safe: [74, 71, 70, 67, 65, 63, 60, 58]
Safe: [51, 53, 54, 57, 59]
Safe: [86, 88, 90, 91, 94]
Safe: [68, 71, 74, 77, 79, 81, 83]
Safe: [76, 74, 71, 68, 67]
Safe: [81, 79, 78, 76, 74]
Safe: [43, 45, 48, 51, 54, 55, 58, 59]
Safe: [84, 82, 81, 80, 79, 78, 76, 75]
Safe: [49, 51, 53, 54, 57, 60]
Safe: [37, 39, 41, 44, 47, 50]
Safe: [65, 68, 69, 70, 73, 74, 77, 79]
Safe: [91, 90, 88, 85, 82]
Safe: [23, 25, 26, 29, 32, 34]
Safe: [41, 42, 45, 48, 50]
Safe: [64, 61, 59, 57, 54, 51, 50]
Safe: [23, 25, 26, 29, 30, 33, 35]
Safe: [19, 16, 14, 12, 10]
Safe: [79, 80, 81, 82, 85]
Safe: [36, 37, 38, 40, 43, 44, 46, 49]
Safe: [60, 61, 62, 63, 66]
Safe: [46, 45, 43, 42, 40]
Safe: [49, 52, 55, 57, 60]
Safe: [14, 15, 18, 19, 20, 21]
Safe: [98, 96, 95, 94, 93, 90, 89, 86]
Safe: [76, 77, 78, 79, 81]
Safe: [18, 15, 13, 11, 10, 7, 6, 4]
Safe: [34, 35, 37, 38, 41, 44, 46, 48]
Safe: [35, 32, 29, 28, 27, 25]
Safe: [78, 80, 83, 86, 88]
Safe: [87, 84, 82, 80, 79, 78, 77]
Safe: [75, 72, 70, 69, 67]
Safe: [90, 92, 94, 95, 97, 98]
Safe: [36, 33, 31, 28, 26, 25, 23]
Safe: [50, 52, 54, 56, 57, 58, 59, 62]
Safe: [56, 57, 58, 61, 62, 63, 66]
Safe: [81, 80, 79, 78, 75, 74]
Safe: [20, 21, 22, 23, 24, 26]
Safe: [45, 47, 48, 49, 51, 53]
Safe: [39, 41, 43, 45, 47, 49, 51, 52]
Safe: [18, 20, 22, 23, 26]
Safe: [18, 20, 21, 24, 26, 29]
Safe: [25, 23, 20, 17, 14, 12, 9, 6]
Safe: [12, 15, 16, 18, 20, 23, 25, 27]
Safe: [10, 13, 16, 19, 22, 23, 24]
Safe: [98, 95, 92, 91, 89, 86, 85, 83]
Safe: [14, 16, 17, 19, 21, 23, 25]
Safe: [5, 6, 9, 11, 12, 13, 14]
Safe: [66, 64, 63, 62, 60]
Safe: [50, 49, 46, 45, 43]
Safe: [87, 86, 83, 82, 81, 80]
Safe: [34, 31, 30, 29, 27, 24, 21, 20]
Safe: [28, 25, 24, 23, 22, 19, 18]
Safe: [66, 64, 62, 60, 58]
Safe: [57, 56, 53, 52, 50]
Safe: [48, 50, 52, 54, 57, 58, 61]
Safe: [65, 68, 70, 72, 74]
Safe: [11, 8, 6, 5, 2]
Safe: [30, 29, 27, 25, 22, 21]
Safe: [52, 55, 56, 57, 59, 62, 65, 67]
Safe: [78, 76, 75, 72, 70, 69, 66, 63]
Safe: [5, 8, 10, 13, 16, 18, 19, 20]
Safe: [31, 28, 27, 24, 21, 19]
Safe: [32, 34, 35, 38, 40, 43]
Safe: [23, 26, 29, 30, 32]
Safe: [87, 86, 83, 81, 78, 77, 75]
Safe: [35, 37, 39, 42, 45]
Safe: [72, 73, 76, 78, 79, 82, 85, 86]
Safe: [78, 75, 73, 71, 70, 67, 66, 63]
Safe: [72, 70, 69, 66, 63]
Safe: [48, 46, 43, 40, 39, 36, 35]
Safe: [2, 4, 6, 7, 8, 10]
Safe: [88, 90, 91, 93, 96, 98]
Safe: [66, 69, 70, 73, 75]
Safe: [28, 26, 23, 22, 21, 18, 15]
Safe: [12, 14, 17, 19, 20, 21, 24, 25]
Safe: [20, 17, 16, 14, 13, 11, 8]
Safe: [30, 27, 25, 22, 21, 19]
Safe: [50, 47, 46, 44, 43, 42, 40]
Safe: [91, 88, 85, 83, 80, 78]
Safe: [59, 60, 63, 66, 68]
Safe: [42, 44, 45, 46, 49, 51, 53, 55]
Safe: [82, 80, 77, 74, 71, 70]
Safe: [13, 11, 10, 9, 7, 6, 3]
Safe: [69, 66, 64, 61, 58]
Safe: [61, 58, 55, 54, 53, 52, 51]
Safe: [25, 23, 20, 19, 16]
Safe: [21, 23, 26, 29, 32, 34, 35]
Safe: [22, 23, 25, 26, 29]
Safe: [25, 24, 21, 20, 19, 18]
Safe: [48, 51, 54, 55, 57, 58, 59]
Safe: [23, 25, 28, 31, 34, 36]
Safe: [40, 41, 44, 46, 49, 50]
Safe: [83, 81, 78, 75, 74]
Safe: [16, 19, 20, 23, 26, 29, 30, 31]
Safe: [14, 13, 12, 9, 6]
Safe: [77, 76, 74, 71, 70, 69]
Safe: [75, 73, 72, 69, 66, 63]
Safe: [50, 52, 54, 56, 59, 60]
Safe: [53, 50, 49, 46, 44, 43, 41]
Safe: [18, 16, 13, 12, 9, 8]
Safe: [26, 24, 22, 19, 16]
Safe: [44, 42, 39, 36, 34]
Safe: [37, 40, 41, 44, 47, 49, 50, 52]
Safe: [8, 9, 10, 13, 14, 17]
Safe: [54, 56, 57, 59, 61, 62, 64]
Safe: [54, 56, 59, 61, 63]
Safe: [14, 13, 11, 10, 9, 6, 5, 2]
Safe: [63, 65, 68, 69, 72, 74, 75]
Safe: [70, 69, 67, 66, 63, 61, 58]
Safe: [64, 67, 70, 73, 74, 76]
Safe: [40, 39, 37, 36, 35, 34, 31, 30]
Safe: [45, 42, 41, 39, 36, 33, 30]
Safe: [61, 59, 57, 54, 53, 50]
Safe: [31, 33, 34, 35, 37]
Safe: [38, 40, 43, 44, 46, 49]
Safe: [36, 38, 41, 43, 44, 46, 49, 50]
Safe: [63, 62, 61, 60, 58, 56]
Safe: [15, 12, 10, 8, 7, 6, 5]
Safe: [42, 45, 47, 50, 53, 55]
Safe: [57, 56, 54, 53, 50, 48, 47]
Safe: [13, 10, 8, 7, 6]
Safe: [86, 85, 83, 81, 78, 76, 74, 71]
Safe: [44, 43, 42, 40, 38]
Safe: [33, 31, 28, 27, 24, 22, 21]
Safe: [72, 70, 69, 68, 67, 66, 63, 62]
Safe: [58, 60, 63, 66, 68, 71, 72, 73]
Safe: [29, 30, 33, 36, 38, 39]
Safe: [11, 8, 6, 3, 1]
Safe: [33, 32, 31, 29, 27, 25, 24]
Safe: [53, 56, 58, 61, 64]
Safe: [60, 58, 56, 55, 54, 51]
Safe: [67, 70, 71, 73, 75]
Safe: [3, 5, 7, 9, 12, 13, 16]
Safe: [28, 29, 30, 33, 36]
Safe: [40, 37, 36, 33, 32, 30]
Safe: [22, 19, 16, 13, 11]
Safe: [25, 28, 30, 33, 34, 36, 37]
Safe: [32, 34, 36, 37, 40, 42, 44]
Safe: [23, 22, 20, 19, 18, 16, 13]
Safe: [59, 61, 63, 64, 66, 69, 71]
Safe: [30, 29, 28, 26, 25, 22, 20]
Safe: [60, 61, 62, 65, 68]
Safe: [61, 64, 67, 70, 72]
Safe: [48, 47, 45, 44, 42, 39, 37, 36]
Safe: [77, 79, 80, 83, 85, 87]
Safe: [29, 31, 33, 34, 36, 38]
Safe: [6, 8, 11, 13, 16, 17, 18, 21]
Safe: [98, 97, 94, 92, 91, 88, 87, 84]
Safe: [35, 34, 33, 32, 30, 27, 26]
Safe: [87, 89, 90, 92, 95]
Safe: [10, 9, 8, 5, 4, 3]
Safe: [68, 69, 70, 73, 74, 77, 79]
Safe: [63, 60, 58, 55, 53, 50]
Safe: [68, 71, 72, 75, 77]
Safe: [34, 36, 39, 40, 43, 44]
Safe: [20, 22, 23, 26, 28]
Safe: [48, 46, 44, 42, 39, 38]
Safe: [96, 94, 91, 88, 85, 83, 80, 78]
Safe: [79, 76, 74, 73, 71, 70, 67, 64]
Safe: [26, 24, 21, 20, 19, 16]
Safe: [67, 69, 71, 73, 76, 77, 80]
Safe: [72, 71, 70, 67, 65]
Safe: [60, 57, 55, 54, 53, 51, 50, 47]
Safe: [72, 73, 76, 78, 79, 80, 81, 83]
Safe: [64, 67, 69, 70, 72, 73, 74]
Safe: [41, 42, 45, 48, 49, 51, 52, 55]
Safe: [85, 88, 89, 90, 91, 94, 95, 98]
Safe: [96, 93, 91, 89, 86, 85, 83]
Safe: [72, 71, 68, 66, 63]
Safe: [86, 89, 91, 92, 95, 96]
Safe: [35, 38, 39, 41, 44, 45]
Safe: [12, 15, 16, 18, 21, 22, 24]
Safe: [65, 63, 60, 59, 57, 54, 52]
Safe: [37, 34, 31, 29, 27, 25, 22, 19]
Nombre de rapports sûrs avec le Problem Dampener : 337
